0
0
0
0
0
0
0
0
1
2
1
1
1
2
2
3
4
4
4
5
8
9
10
10
12
17
18
18
19
12
12
12
10
9
8
7
8
6
6
6
5
7
7
9
9
13
10
8
9
8
9
9
8
9
8
8
8
9
8
9
9
9
9
9
9
8
11
8
7
7
11
12
11
10
10
19
20
20
23
38
35
34
32
32
34
34
33
31
34
34
33
37
33
34
33
34
33
34
34
33
36
36
36
35
30
30
30
30
30
33
33
33
36
36
37
37
43
47
47
46
45
36
36
36
35
26
27
26
26
17
17
16
17
11
10
10
9
8
5
5
4
4
4
3
2
1
1
1
0
0
0
2
2
1
0
0
0
0
0
