0
0
0
0
0
0
0
2
2
1
1
2
3
4
4
7
8
8
8
8
8
8
11
12
12
16
16
17
17
17
17
11
12
14
16
16
16
15
14
13
14
13
14
15
16
15
16
15
14
14
14
13
14
15
16
16
16
15
14
13
13
13
14
16
17
16
15
14
13
13
13
13
14
16
16
15
14
13
13
13
14
13
13
15
15
15
15
15
13
13
13
14
19
22
76
75
74
76
16
14
15
17
18
16
17
16
16
15
14
14
14
15
18
20
17
17
16
15
14
14
15
17
21
20
20
16
16
15
14
14
15
20
20
20
20
20
21
22
26
28
30
30
31
37
46
51
56
73
8
0
0
0
