0
0
0
0
0
2
84
82
80
79
19
18
16
15
13
12
13
12
12
13
12
11
11
11
11
11
11
11
11
11
12
12
11
11
11
11
11
11
11
11
11
11
11
11
11
11
11
11
11
11
11
11
11
11
11
12
13
13
12
15
16
17
19
65
65
65
65
18
17
15
14
12
13
12
11
11
11
11
11
11
11
11
11
11
11
11
11
11
11
11
11
11
11
11
11
11
11
11
11
11
11
11
11
11
11
11
11
11
11
11
11
11
12
13
15
17
18
18
17
18
19
20
20
23
24
25
25
84
84
85
87
1
0
0
0
0
0
