0
0
0
0
16
22
26
16
16
16
26
24
23
22
18
18
17
15
16
15
14
13
14
14
11
11
12
12
11
11
9
10
9
10
10
10
13
12
11
11
11
11
11
13
14
14
14
14
14
14
13
12
10
10
10
12
13
13
16
39
37
35
29
27
27
27
27
27
27
27
27
27
30
30
31
31
29
28
28
28
28
28
28
28
28
28
28
29
28
28
28
28
28
27
27
27
28
28
28
28
26
27
26
28
27
24
27
27
26
26
28
26
25
26
19
20
20
17
19
20
19
26
22
14
0
0
0
0
0
