0
0
0
0
0
0
3
2
1
0
0
0
0
0
0
1
2
2
4
6
7
8
9
9
125
125
125
125
125
125
125
125
125
125
125
125
18
19
18
16
7
6
6
7
6
5
4
8
10
11
12
16
17
21
21
21
21
20
18
19
21
21
21
18
20
21
21
19
20
21
18
20
20
21
18
19
21
22
18
19
21
22
18
20
22
21
20
21
21
24
21
25
27
37
38
39
37
39
39
38
37
31
31
31
29
27
23
23
22
20
18
19
17
14
13
12
11
8
8
8
8
8
7
4
4
4
4
4
4
3
3
2
2
1
1
1
0
0
0
0
2
2
0
0
0
0
0
0
0
0
0
0
0
