0
0
0
0
0
12
58
51
46
38
29
29
29
27
23
20
20
18
16
16
16
15
16
16
15
15
15
15
15
14
15
15
15
14
15
15
15
14
15
15
14
15
15
15
15
15
15
14
15
15
15
15
16
15
15
16
15
14
14
16
17
18
22
23
23
23
30
32
30
28
31
31
30
29
31
29
30
29
30
29
28
31
30
29
28
31
30
29
28
31
30
29
29
30
30
28
30
30
29
28
31
30
28
27
31
29
28
27
30
29
28
30
30
29
28
30
31
30
31
30
30
32
35
39
40
42
47
57
64
69
84
6
0
0
0
0
0
0
0
0
0
