0
0
0
0
0
0
0
0
0
64
37
33
31
28
25
18
18
18
18
18
18
18
18
18
18
18
18
17
17
17
17
15
15
14
14
14
14
14
14
14
14
14
14
14
14
14
14
14
14
14
14
14
14
14
14
14
14
14
14
14
14
14
14
14
14
14
14
14
14
14
14
14
14
14
14
14
14
14
14
14
14
14
14
14
14
14
14
14
14
14
14
14
14
14
14
14
14
14
14
14
14
14
14
14
14
14
14
14
14
14
14
14
14
14
14
14
14
14
14
14
14
14
14
14
14
14
14
14
14
14
14
14
14
14
14
14
14
15
16
18
19
20
22
22
22
21
21
22
23
23
23
26
28
29
30
32
101
102
103
104
109
1
0
0
0
0
0
0
0
0
