0
0
0
0
0
8
49
44
42
40
37
35
34
32
32
37
38
38
40
38
38
30
28
31
31
29
30
29
28
27
29
33
35
32
32
31
31
29
29
34
34
32
32
32
31
29
30
33
33
31
31
32
31
30
29
34
34
32
31
30
30
29
28
32
34
34
31
30
30
29
27
31
33
35
32
32
31
30
28
30
33
34
32
32
32
31
30
31
33
34
31
31
31
31
30
29
34
35
32
31
30
30
29
28
29
33
32
31
35
34
31
31
31
31
30
28
28
27
24
24
23
24
26
23
24
23
29
34
39
45
54
6
0
0
0
0
0
0
