0
0
0
0
0
1
3
2
1
0
0
0
0
0
1
2
3
5
5
6
8
11
12
12
125
125
125
123
20
19
19
19
18
17
18
20
27
27
27
31
26
26
26
26
26
26
25
25
26
27
25
26
27
27
26
27
27
27
30
27
27
27
26
27
27
26
26
27
28
25
26
27
27
25
26
28
27
31
27
27
27
26
23
22
20
12
10
10
9
2
4
5
7
6
6
6
7
6
6
6
6
7
6
6
6
6
6
5
5
6
6
7
6
6
5
8
6
6
6
6
7
7
6
6
6
7
5
5
6
5
6
11
11
10
19
24
25
25
125
125
125
125
125
125
125
125
125
125
125
125
10
10
9
8
6
4
3
2
2
0
0
0
0
0
0
1
2
3
1
0
0
0
0
0
