0
0
0
0
0
0
0
0
0
0
0
0
0
0
0
0
0
1
2
3
2
3
3
3
4
5
5
7
10
12
12
12
22
114
123
125
29
28
27
26
21
20
19
18
18
16
15
19
18
17
17
19
17
17
18
17
16
16
18
17
15
15
15
17
16
16
19
17
17
17
19
16
17
17
15
17
16
17
18
17
15
18
18
17
17
19
16
16
18
19
16
15
18
17
17
16
16
18
18
16
19
17
17
17
18
17
16
18
18
17
17
17
19
16
18
17
20
18
19
21
23
26
27
31
124
125
125
12
4
4
4
3
2
1
1
0
0
0
0
0
0
0
0
0
0
0
0
0
0
0
