0
0
0
0
0
0
2
44
37
33
27
22
18
18
19
16
17
19
19
18
19
21
21
20
21
23
24
25
25
19
21
21
21
18
19
19
21
21
18
17
21
21
17
16
21
21
19
19
20
21
21
20
17
20
21
21
20
19
18
21
21
17
17
21
20
18
18
21
21
21
21
18
21
21
21
20
19
19
21
21
18
18
22
21
18
19
21
21
20
19
21
21
22
21
18
20
21
21
21
18
17
20
21
19
20
21
25
23
22
22
21
21
20
18
18
18
18
16
14
14
14
14
12
12
11
10
9
11
14
16
19
22
5
0
0
0
0
0
0
0
