0
0
0
0
0
0
0
26
30
30
30
56
59
60
60
72
77
77
77
87
89
90
91
96
65
65
68
66
37
38
40
41
23
24
25
27
24
20
19
18
19
14
17
16
15
9
9
8
8
7
7
8
9
8
8
6
6
4
2
1
1
1
3
3
5
5
5
7
7
7
7
8
8
8
8
8
8
8
8
8
8
6
6
6
5
4
3
2
2
0
2
4
6
8
8
8
9
9
8
8
7
8
8
9
10
12
15
16
11
12
12
17
22
20
17
19
30
31
31
26
48
51
50
47
95
94
93
91
86
82
82
80
77
66
66
66
63
43
43
43
40
0
0
0
0
0
0
0
0
0
0
