0
0
0
0
0
0
0
0
0
0
0
0
0
0
0
0
10
18
23
27
17
16
15
13
19
16
15
14
18
17
18
17
19
21
18
20
21
22
22
23
25
22
23
21
23
24
26
26
28
28
26
29
29
28
26
26
29
30
30
32
33
34
34
33
30
30
30
33
33
33
33
33
30
30
33
33
34
34
34
34
34
34
34
34
34
34
34
34
34
34
34
34
34
34
34
34
34
34
34
34
34
34
33
33
30
33
33
34
34
33
30
30
30
30
30
30
30
31
32
30
29
29
26
29
30
29
29
29
25
24
23
25
25
26
26
24
22
20
23
22
22
21
20
19
19
21
18
17
18
17
16
17
19
17
13
16
17
18
29
24
20
14
0
0
0
0
0
0
0
0
0
