0
0
0
0
0
0
52
49
50
50
56
31
26
25
26
26
27
27
28
28
24
26
28
29
27
27
28
29
29
29
29
29
29
29
29
28
29
31
31
29
29
29
29
29
29
29
29
29
29
29
29
28
28
28
28
28
29
29
29
29
29
29
28
27
28
29
29
29
28
29
29
29
28
29
27
29
30
56
35
31
25
12
12
12
12
12
12
12
12
12
12
12
12
12
12
12
12
12
12
12
12
12
12
12
12
12
12
12
12
12
12
12
12
12
12
12
12
12
12
12
12
12
12
12
12
12
12
12
12
12
12
12
12
15
16
16
16
17
18
21
22
27
30
33
6
0
0
0
0
0
