0
0
0
0
0
0
0
0
5
6
6
6
6
6
13
14
14
14
15
15
19
21
21
23
23
23
33
31
34
38
39
41
47
55
54
55
53
54
54
50
50
49
45
44
47
49
46
46
46
46
47
44
44
44
45
44
43
48
45
46
46
46
46
48
45
45
45
43
45
44
45
46
45
45
45
50
44
46
46
45
46
47
44
42
44
44
44
45
48
45
46
46
45
49
44
44
45
44
43
43
47
46
45
45
45
47
49
45
45
45
46
46
44
44
43
45
44
43
49
45
46
46
46
46
49
43
44
45
43
43
44
45
45
45
46
45
49
44
44
45
43
43
42
48
44
43
45
45
44
41
38
38
38
37
36
30
30
32
33
32
31
30
26
26
26
27
29
30
25
26
27
26
25
16
0
0
0
0
0
0
0
0
0
0
0
0
0
0
0
0
0
