0
0
0
0
0
0
0
9
17
21
26
16
15
13
12
14
15
14
15
15
16
16
18
20
18
18
19
21
21
22
24
20
20
22
24
22
27
26
28
26
23
22
22
25
26
26
29
30
30
30
29
26
28
29
30
30
29
29
27
29
30
30
31
31
31
31
31
31
31
31
31
31
31
31
31
31
31
31
31
31
31
31
31
30
30
29
27
27
29
30
29
28
26
26
26
26
26
26
29
28
26
25
22
23
24
26
26
23
20
19
21
22
23
19
19
20
20
21
16
17
19
16
13
14
14
11
11
12
12
8
10
10
10
5
4
3
31
29
27
27
25
23
23
22
18
21
22
20
17
18
18
19
15
14
16
13
13
13
12
9
10
10
11
5
6
6
7
3
3
4
4
0
0
0
0
0
0
0
0
0
0
0
