0
0
0
0
0
0
0
21
25
27
27
52
54
54
54
68
69
69
74
80
80
81
87
58
58
58
30
33
32
32
19
21
21
22
13
14
16
15
8
10
11
8
7
8
6
6
6
6
5
5
5
5
4
4
3
2
5
5
6
7
9
11
11
11
11
15
15
16
16
16
18
19
20
20
19
21
22
22
21
21
20
21
22
17
15
15
17
16
14
16
18
17
15
14
13
11
11
14
17
17
15
16
20
21
20
19
29
31
31
27
46
47
46
44
84
84
83
79
72
72
72
63
59
59
57
38
40
40
36
0
0
0
0
0
0
0
0
0
0
0
