0
0
0
0
0
4
47
49
50
61
28
27
26
27
26
26
27
28
27
27
27
27
27
26
27
28
28
27
27
27
27
27
27
27
27
27
27
27
27
27
27
27
27
27
27
27
27
27
24
24
24
26
26
25
24
23
24
23
23
20
21
21
21
17
16
16
36
45
44
46
25
26
26
28
27
25
25
27
28
26
27
24
27
27
27
27
25
25
27
27
26
25
25
27
27
27
26
24
25
26
28
26
24
24
27
27
26
24
24
26
27
27
25
25
23
27
27
23
25
27
28
30
30
32
31
32
35
41
45
50
59
5
0
0
0
0
0
0
0
