0
0
0
0
0
0
0
4
13
19
22
26
15
15
14
13
27
24
24
23
23
18
17
16
18
19
16
11
11
10
12
12
12
12
11
12
12
12
12
12
11
11
10
9
9
9
9
9
9
12
13
13
14
14
14
15
16
18
19
20
21
21
26
26
24
24
25
28
29
29
29
31
33
33
33
32
35
36
37
35
37
37
38
38
37
41
38
38
38
36
38
38
38
38
37
34
35
36
36
30
31
33
32
32
25
26
26
28
27
24
24
24
23
19
19
19
19
19
17
18
18
18
18
18
17
16
14
15
15
15
14
14
14
14
14
11
12
13
13
14
15
15
15
15
15
14
17
17
19
18
18
19
19
22
26
25
27
27
31
14
15
16
16
31
26
22
15
5
0
0
0
0
0
0
0
0
0
0
