0
0
0
0
0
0
0
0
0
1
1
1
0
0
0
0
1
1
1
2
3
4
4
4
4
8
13
14
14
14
114
114
114
114
122
122
122
124
126
127
127
129
24
24
25
25
21
13
13
12
11
7
6
9
8
8
5
4
4
4
5
5
5
3
2
1
1
1
2
2
3
3
3
4
4
4
4
4
4
4
4
4
4
4
4
4
4
4
3
3
3
3
2
2
2
1
1
1
0
0
1
2
3
3
4
4
4
3
2
2
3
4
5
4
4
3
4
4
5
5
4
5
7
7
7
8
12
14
14
15
104
101
98
95
6
6
5
5
4
4
3
2
2
1
1
1
0
0
0
0
0
0
1
2
1
0
0
0
0
0
0
0
