0
0
0
0
0
0
1
79
53
46
41
33
29
21
21
20
20
20
20
20
19
16
16
16
16
16
16
16
16
16
16
16
16
16
16
16
16
16
16
16
16
16
16
16
16
16
16
16
16
16
16
16
16
16
16
16
16
16
16
16
16
16
16
16
16
16
16
16
16
16
16
16
16
16
16
16
16
16
16
16
16
16
16
16
16
16
16
16
16
16
16
16
16
16
16
16
16
16
16
16
16
16
15
15
15
14
14
14
13
13
13
12
12
13
13
14
15
15
16
19
20
16
15
14
14
14
16
17
17
14
13
15
17
16
14
15
16
17
16
16
16
15
18
19
19
32
27
22
15
0
0
0
0
0
