0
0
0
0
6
85
67
61
54
46
35
34
33
32
29
27
27
25
20
19
19
19
20
22
22
22
20
19
15
15
16
16
16
17
18
18
21
21
18
16
15
15
16
17
18
18
19
20
18
15
15
15
15
15
16
17
17
18
20
20
17
18
16
15
15
16
17
18
22
22
18
17
16
15
14
15
16
17
18
21
19
16
17
17
16
16
15
15
16
18
20
21
18
17
16
15
14
15
15
16
21
21
17
18
18
17
16
15
15
15
18
20
19
18
18
19
18
17
16
15
14
17
20
20
17
18
18
17
15
16
19
23
20
22
19
19
18
18
17
15
14
14
13
14
11
10
10
9
9
7
5
5
5
4
4
3
3
2
2
1
0
0
0
0
0
0
0
0
0
