0
0
0
0
0
0
0
0
0
0
0
0
2
2
0
0
1
1
1
2
3
3
4
4
4
5
5
5
6
9
13
13
14
13
21
23
23
23
23
33
33
34
33
42
43
44
44
43
44
48
47
44
45
38
37
37
35
34
34
35
34
32
33
36
36
34
34
34
34
34
33
33
34
34
34
37
33
35
34
32
33
34
34
34
37
34
34
35
33
31
34
36
37
37
19
19
18
17
12
9
9
10
10
3
5
6
6
9
6
6
6
7
6
6
6
6
5
5
6
6
6
5
6
7
7
5
6
6
6
6
9
7
8
7
7
8
8
8
9
13
11
11
12
12
26
23
22
21
19
12
13
13
12
9
7
5
5
5
4
4
4
3
3
2
1
1
1
0
0
1
0
0
0
0
0
0
