0
0
0
0
0
23
123
101
89
80
72
66
60
55
54
50
49
46
40
39
37
38
38
39
39
40
40
40
39
35
35
34
33
32
35
36
35
33
34
35
39
40
39
35
35
34
34
33
33
33
35
34
34
35
40
40
40
40
40
39
43
44
43
44
45
44
38
36
35
38
36
36
37
37
39
38
38
39
39
37
36
36
38
40
41
41
37
38
39
39
39
41
40
38
35
37
39
41
41
39
37
38
39
40
39
41
40
40
37
37
38
41
42
40
38
38
38
39
41
40
43
41
40
37
37
38
41
41
40
37
37
37
39
38
37
37
39
51
50
48
47
46
46
43
41
41
41
39
36
36
35
31
31
27
25
25
25
24
21
21
21
21
17
16
14
11
11
10
8
7
7
5
4
3
3
2
2
0
0
0
0
0
0
0
0
