0
0
0
0
0
0
0
0
0
0
1
2
2
1
0
0
0
1
1
2
2
3
3
4
4
5
6
7
7
7
16
17
18
18
18
30
31
31
32
31
43
45
46
46
45
57
59
60
60
59
48
49
50
49
47
46
46
47
46
44
48
46
46
48
45
49
45
46
46
45
50
45
46
46
45
51
45
46
46
45
50
44
45
45
45
55
38
32
31
30
27
17
18
18
17
14
4
5
7
8
10
10
10
11
13
14
13
14
15
15
17
20
21
21
21
20
31
32
33
32
31
45
45
45
44
43
60
60
60
60
61
52
56
57
55
52
48
49
49
48
46
45
46
46
46
45
44
46
47
47
45
44
45
46
46
45
46
46
46
47
45
47
46
47
47
46
49
45
48
48
49
40
25
26
25
25
21
11
11
12
12
12
8
8
9
9
13
10
10
10
10
10
9
10
10
9
9
9
10
10
10
9
10
10
11
11
9
10
10
11
11
11
11
12
13
13
14
18
22
24
26
23
14
14
13
12
11
8
6
6
6
5
4
3
2
2
1
1
1
2
2
1
0
0
0
0
0
0
0
0
0
0
0
0
