0
0
0
0
0
0
0
0
0
0
0
1
3
2
2
2
2
2
3
4
5
5
6
6
6
6
7
8
9
10
10
14
16
16
17
18
18
18
25
26
28
28
28
28
36
38
38
39
39
45
33
34
33
32
36
38
36
35
35
35
39
40
41
43
43
44
48
49
50
49
49
54
42
43
43
43
43
46
40
40
40
38
41
38
37
37
36
38
39
36
38
39
38
37
38
35
35
33
33
35
39
37
39
38
36
32
27
27
28
28
32
36
36
38
37
38
35
33
34
34
35
38
37
37
37
35
36
38
36
36
38
36
40
37
38
39
37
38
41
39
41
40
41
42
44
45
46
46
44
44
56
54
55
54
55
53
49
51
50
51
47
52
50
50
49
46
44
39
36
35
35
33
27
27
26
22
21
16
16
16
15
15
11
11
10
9
8
6
6
5
3
4
3
2
2
2
2
3
3
1
0
1
2
2
0
0
0
0
0
0
0
0
0
