0
0
0
0
0
0
0
0
43
104
89
83
79
74
56
48
48
48
47
43
38
36
35
35
33
27
27
28
28
31
32
30
29
29
27
27
26
29
27
28
28
26
26
25
27
24
27
27
28
28
28
28
27
28
27
27
27
28
27
27
27
24
24
25
26
27
27
27
26
25
24
25
27
27
27
27
26
22
21
22
22
32
29
29
28
27
22
22
23
21
21
22
21
17
16
17
21
22
22
21
23
22
22
26
28
28
28
31
29
22
22
21
24
26
26
25
26
26
24
18
23
26
26
26
28
25
24
21
23
26
27
27
27
26
26
23
25
27
27
27
25
25
26
24
22
24
25
24
25
25
27
25
23
27
25
26
27
28
28
26
23
21
24
27
28
28
27
26
25
25
27
28
28
28
28
35
38
39
39
39
43
48
50
51
51
53
68
78
83
88
93
123
6
0
0
0
0
0
0
0
0
