0
0
0
0
0
0
0
0
0
0
0
0
0
1
2
2
2
2
1
1
1
2
3
4
5
5
6
6
6
6
6
6
6
7
9
10
11
12
17
17
18
18
18
24
25
26
26
26
26
30
33
34
35
35
35
41
43
44
44
44
45
47
52
54
54
54
54
57
39
40
41
41
41
41
40
39
39
38
36
34
39
35
35
36
36
35
41
37
37
39
38
35
38
36
37
38
38
39
43
40
42
42
42
41
44
57
60
64
64
62
61
109
108
108
108
107
106
98
97
97
97
97
97
97
97
97
98
98
98
11
10
10
11
11
12
11
10
8
8
7
7
8
7
6
7
7
7
6
6
6
7
6
6
7
7
6
6
6
5
5
7
7
7
6
6
7
7
6
7
7
6
7
8
9
10
10
10
11
17
22
23
23
23
23
24
23
22
22
21
19
18
15
13
13
13
13
12
11
8
6
6
6
6
6
6
5
5
5
5
4
3
2
1
1
1
0
1
1
1
1
1
0
0
0
0
0
0
0
0
0
0
0
0
0
0
0
0
0
