0
0
0
0
0
0
0
0
0
22
118
98
94
89
83
75
56
54
53
52
51
49
46
38
38
37
37
35
31
30
31
31
31
31
29
28
25
25
30
31
29
27
28
27
28
24
23
28
29
28
28
27
24
25
24
24
25
29
29
30
29
28
27
28
22
23
28
28
28
26
25
26
25
23
23
27
29
30
29
28
27
27
27
22
23
27
28
27
26
27
26
25
23
25
28
31
30
29
28
27
27
24
22
23
27
27
27
27
26
25
22
22
22
23
25
32
31
31
30
29
25
25
25
25
25
24
24
24
23
23
22
18
18
18
18
18
18
18
18
18
18
18
18
18
18
18
18
18
18
18
18
18
18
18
18
18
18
18
18
18
18
18
18
18
18
18
18
18
18
18
18
18
18
18
18
18
18
18
18
18
18
18
18
18
18
20
21
22
23
23
24
24
24
24
24
24
24
24
24
24
24
24
24
24
29
35
38
40
42
44
49
78
0
0
0
0
0
0
0
