0
0
0
0
0
0
0
0
10
143
143
143
141
139
135
35
34
34
34
33
31
28
23
22
23
26
28
27
25
23
22
22
21
23
24
24
24
24
23
22
21
21
23
23
25
25
24
21
20
21
23
24
25
24
24
24
23
19
19
23
24
23
24
25
24
20
20
21
24
25
24
23
23
23
20
19
24
25
25
25
25
24
23
19
20
23
24
25
24
24
23
20
20
23
24
24
24
25
24
23
18
20
23
24
23
25
24
24
21
20
21
23
24
25
22
23
23
20
19
23
24
24
24
24
25
23
20
21
23
24
24
25
24
22
20
20
23
24
25
25
25
24
24
21
19
23
23
22
25
25
24
22
20
21
24
24
24
23
25
24
22
18
24
25
25
25
25
24
23
20
20
23
24
24
25
24
23
21
20
23
24
24
25
25
25
23
25
22
26
28
29
30
32
30
27
27
29
33
38
40
40
42
42
41
159
164
164
164
164
163
160
0
0
0
0
0
0
0
