0
0
0
1
1
1
1
1
1
1
1
2
3
3
3
4
4
4
4
5
6
6
9
13
13
13
13
15
35
136
138
136
32
31
31
30
24
23
22
21
20
19
17
16
21
19
19
19
21
19
17
20
21
20
21
22
24
24
23
22
22
27
27
24
27
29
27
27
28
30
25
26
28
32
31
30
30
29
28
29
29
31
32
27
28
27
29
25
23
28
28
26
26
27
25
24
22
21
23
24
23
21
25
22
19
19
19
22
18
18
21
17
19
19
20
22
20
19
19
22
22
21
21
24
27
28
30
31
135
137
138
138
5
5
5
5
4
3
2
1
1
1
1
1
1
1
1
1
1
0
0
0
0
0
0
0
