0
0
0
0
0
1
6
8
8
17
23
25
25
29
15
15
15
16
15
17
17
15
25
25
23
22
8
6
6
4
0
0
0
0
0
0
0
0
0
0
0
0
0
0
0
0
0
0
0
0
0
73
44
39
35
29
24
21
19
21
18
17
19
20
21
21
21
23
24
22
24
25
28
28
27
27
22
24
24
23
20
21
22
21
24
23
19
21
24
24
21
19
22
24
21
21
21
23
24
24
23
20
22
23
24
23
21
19
21
24
23
19
20
24
24
21
20
22
23
24
24
23
22
23
23
24
23
20
20
21
24
22
20
20
24
23
20
20
23
23
23
23
21
23
23
23
23
19
23
24
23
24
21
19
20
23
23
21
20
23
28
27
25
24
24
23
23
22
21
21
21
21
20
17
17
17
16
15
13
13
12
12
10
12
13
18
18
21
24
7
0
0
0
0
0
0
0
