Результаты анализа звукового файла: meow.wav

Минимальная частота голоса: 0.0 Гц
Максимальная частота голоса: 10314.404296875 Гц

Основной тон: 2088.720703125 Гц

Три самые сильные форманты:
1. [193.798828125, 53.8330078125, 236.865234375] Гц
2. [43.06640625, 139.9658203125, 32.2998046875] Гц
3. [312.2314453125, 333.7646484375, 322.998046875] Гц
4. [344.53125, 366.064453125, 355.2978515625] Гц
5. [366.064453125, 387.59765625, 376.8310546875] Гц
6. [387.59765625, 409.130859375, 398.3642578125] Гц
7. [398.3642578125, 419.8974609375, 409.130859375] Гц
8. [430.6640625, 419.8974609375, 409.130859375] Гц
9. [398.3642578125, 419.8974609375, 409.130859375] Гц
10. [387.59765625, 409.130859375, 398.3642578125] Гц
11. [376.8310546875, 398.3642578125, 387.59765625] Гц
12. [376.8310546875, 398.3642578125, 387.59765625] Гц
13. [398.3642578125, 387.59765625, 376.8310546875] Гц
14. [398.3642578125, 376.8310546875, 387.59765625] Гц
15. [150.732421875, 398.3642578125, 387.59765625] Гц
16. [247.6318359375, 139.9658203125, 150.732421875] Гц
17. [43.06640625, 53.8330078125, 139.9658203125] Гц
18. [312.2314453125, 333.7646484375, 322.998046875] Гц
19. [322.998046875, 301.46484375, 312.2314453125] Гц
20. [312.2314453125, 333.7646484375, 322.998046875] Гц
21. [376.8310546875, 355.2978515625, 366.064453125] Гц
22. [398.3642578125, 376.8310546875, 387.59765625] Гц
23. [366.064453125, 387.59765625, 376.8310546875] Гц
24. [366.064453125, 387.59765625, 376.8310546875] Гц
25. [366.064453125, 387.59765625, 376.8310546875] Гц
26. [387.59765625, 366.064453125, 376.8310546875] Гц
27. [355.2978515625, 376.8310546875, 366.064453125] Гц
28. [376.8310546875, 355.2978515625, 366.064453125] Гц
29. [355.2978515625, 376.8310546875, 366.064453125] Гц
30. [376.8310546875, 355.2978515625, 366.064453125] Гц
31. [344.53125, 355.2978515625, 366.064453125] Гц
32. [139.9658203125, 344.53125, 355.2978515625] Гц
33. [139.9658203125, 236.865234375, 129.19921875] Гц
34. [150.732421875, 129.19921875, 139.9658203125] Гц
35. [118.4326171875, 139.9658203125, 129.19921875] Гц
36. [333.7646484375, 322.998046875, 312.2314453125] Гц
37. [312.2314453125, 333.7646484375, 322.998046875] Гц
38. [333.7646484375, 344.53125, 355.2978515625] Гц
39. [355.2978515625, 376.8310546875, 366.064453125] Гц
40. [355.2978515625, 376.8310546875, 366.064453125] Гц
41. [355.2978515625, 376.8310546875, 366.064453125] Гц
42. [376.8310546875, 355.2978515625, 366.064453125] Гц
43. [376.8310546875, 355.2978515625, 366.064453125] Гц
44. [376.8310546875, 355.2978515625, 366.064453125] Гц
45. [376.8310546875, 355.2978515625, 366.064453125] Гц
46. [344.53125, 366.064453125, 355.2978515625] Гц
47. [344.53125, 366.064453125, 355.2978515625] Гц
48. [376.8310546875, 366.064453125, 355.2978515625] Гц
49. [32.2998046875, 161.4990234375, 172.265625] Гц
50. [129.19921875, 236.865234375, 43.06640625] Гц
51. [53.8330078125, 150.732421875, 236.865234375] Гц
52. [344.53125, 322.998046875, 312.2314453125] Гц
53. [279.931640625, 559.86328125, 570.6298828125] Гц
54. [613.6962890625, 581.396484375, 570.6298828125] Гц
55. [312.2314453125, 322.998046875, 333.7646484375] Гц
56. [322.998046875, 344.53125, 333.7646484375] Гц
57. [678.2958984375, 333.7646484375, 344.53125] Гц
58. [333.7646484375, 355.2978515625, 344.53125] Гц
59. [333.7646484375, 355.2978515625, 344.53125] Гц
60. [355.2978515625, 333.7646484375, 344.53125] Гц
61. [312.2314453125, 344.53125, 333.7646484375] Гц
62. [344.53125, 366.064453125, 355.2978515625] Гц
63. [387.59765625, 398.3642578125, 366.064453125] Гц
64. [462.9638671875, 441.4306640625, 452.197265625] Гц
65. [430.6640625, 452.197265625, 441.4306640625] Гц
66. [441.4306640625, 419.8974609375, 430.6640625] Гц
67. [398.3642578125, 419.8974609375, 409.130859375] Гц
68. [387.59765625, 409.130859375, 398.3642578125] Гц
69. [409.130859375, 387.59765625, 398.3642578125] Гц
70. [409.130859375, 387.59765625, 398.3642578125] Гц
71. [387.59765625, 409.130859375, 398.3642578125] Гц
72. [387.59765625, 409.130859375, 398.3642578125] Гц
73. [387.59765625, 409.130859375, 398.3642578125] Гц
74. [409.130859375, 387.59765625, 398.3642578125] Гц
75. [409.130859375, 387.59765625, 398.3642578125] Гц
76. [376.8310546875, 398.3642578125, 387.59765625] Гц
77. [409.130859375, 387.59765625, 398.3642578125] Гц
78. [107.666015625, 129.19921875, 118.4326171875] Гц
79. [64.599609375, 129.19921875, 118.4326171875] Гц
80. [53.8330078125, 129.19921875, 118.4326171875] Гц
81. [161.4990234375, 129.19921875, 118.4326171875] Гц
82. [516.796875, 538.330078125, 527.5634765625] Гц
83. [506.0302734375, 516.796875, 527.5634765625] Гц
84. [516.796875, 398.3642578125, 527.5634765625] Гц
85. [527.5634765625, 387.59765625, 398.3642578125] Гц
86. [592.1630859375, 581.396484375, 570.6298828125] Гц
87. [312.2314453125, 602.9296875, 301.46484375] Гц
88. [322.998046875, 301.46484375, 312.2314453125] Гц
89. [333.7646484375, 322.998046875, 312.2314453125] Гц
90. [333.7646484375, 366.064453125, 355.2978515625] Гц
91. [516.796875, 2077.9541015625, 2088.720703125] Гц
92. [527.5634765625, 2077.9541015625, 2088.720703125] Гц
93. [516.796875, 538.330078125, 527.5634765625] Гц
94. [506.0302734375, 484.4970703125, 495.263671875] Гц
95. [462.9638671875, 473.73046875, 484.4970703125] Гц
96. [452.197265625, 462.9638671875, 473.73046875] Гц
97. [452.197265625, 473.73046875, 462.9638671875] Гц
98. [473.73046875, 452.197265625, 462.9638671875] Гц
99. [462.9638671875, 441.4306640625, 452.197265625] Гц
100. [430.6640625, 452.197265625, 441.4306640625] Гц
101. [452.197265625, 430.6640625, 441.4306640625] Гц
